320.859 283.133
313.715 287.457
310.332 295.332
302.996 300.285
296.805 307.137
292.359 297.824
286.586 304.398
289.336 313.84
280.117 311.18
280.68 320.32
272.098 316.363
271.543 325.566
263.539 320.707
262.102 329.914
254.637 323.633
252.719 333.531
243.266 336.188
246.125 325.734
238.418 324.012
234.785 331.352
233.41 339.73
223.633 341.176
225.254 330.98
229.598 322.875
221.227 320.395
214.016 325.742
217.117 334.043
213.441 342.68
207.359 334.797
203.148 343.156
193.211 343.156
196.734 333.883
203.508 326.887
195.02 322.391
188.543 327.176
186.801 335.711
182.984 343.086
175.656 339.059
167.145 340.074
159.191 336.188
150.168 334.25
140.625 331.148
130.672 326.879
138.32 321.82
147.414 324.047
156.012 325.742
164.238 324.309
169.48 331.051
179.434 329.465
173.664 321.781
182.578 319.148
189.477 313.984
196.07 307.277
199.344 314.953
206.5 319.0
213.5 315.117
206.086 308.301
201.684 300.004
210.211 299.199
206.492 291.48
209.813 282.824
213.18 274.941
211.234 266.723
213.734 258.07
218.129 250.152
224.023 243.406
228.543 250.27
223.305 258.105
219.922 266.559
223.75 274.762
228.41 283.082
219.504 282.922
215.32 290.813
223.777 292.426
229.516 298.461
234.164 290.789
243.063 293.469
237.98 300.703
247.168 301.117
255.785 298.84
263.359 294.375
269.539 287.84
273.902 279.852
275.398 271.855
274.906 263.598
272.609 255.25
265.945 260.441
258.453 264.176
252.758 257.453
243.535 259.66
239.816 267.168
249.758 267.82
244.117 275.52
252.207 280.125
257.504 273.449
266.578 269.984
264.914 279.211
259.582 286.035
252.117 290.789
244.809 285.184
237.234 282.242
233.91 274.383
229.078 267.148
232.762 260.027
236.922 253.148
237.324 244.82
231.434 239.41
239.555 235.336
245.91 242.16
245.66 251.09
253.746 247.449
260.848 253.059
268.227 248.504
262.012 242.852
254.613 238.414
248.473 233.02
243.254 227.035
234.988 226.773
239.129 219.691
235.449 211.953
232.738 203.906
232.098 195.938
231.887 187.578
236.973 180.082
228.223 178.91
222.945 185.621
223.836 194.191
223.477 202.27
214.637 199.41
210.152 206.133
205.094 198.949
198.0 200.734
194.316 208.715
202.375 209.227
204.32 218.316
211.492 214.586
218.469 209.523
226.918 210.742
230.285 218.898
221.25 218.258
214.113 222.613
207.531 227.148
201.914 233.527
197.055 240.586
188.863 240.543
192.762 247.828
190.191 255.332
188.59 263.344
188.438 271.973
186.656 280.18
179.023 276.078
180.324 267.117
173.129 261.949
180.988 257.691
183.727 248.773
176.133 243.777
174.398 251.582
166.977 255.402
158.949 255.238
150.934 255.605
147.082 263.406
141.941 270.207
143.184 278.246
141.973 287.387
149.82 291.465
158.406 292.668
167.227 289.5
159.699 283.387
151.254 282.129
151.215 272.816
160.695 273.852
156.281 264.91
164.652 264.387
171.176 271.262
168.199 279.563
175.18 284.188
183.008 287.367
176.922 293.52
170.012 298.066
162.344 300.773
153.25 300.996
144.492 298.91
136.844 294.586
130.559 288.25
126.313 280.086
135.137 280.879
133.0 271.832
124.027 271.645
126.395 263.656
123.551 255.52
132.488 255.203
136.805 262.992
141.68 254.797
146.867 247.387
155.883 246.086
165.281 246.703
168.957 239.363
160.184 237.621
151.125 237.777
142.375 239.941
136.234 245.742
127.723 246.758
118.57 248.223
113.742 255.297
108.766 248.301
103.801 256.27
99.6758 247.078
90.5703 244.73
82.6367 241.348
75.918 234.945
69.0156 228.043
65.793 235.938
72.1445 243.777
78.6797 250.52
86.0625 253.73
94.6563 253.766
94.7461 261.969
101.609 266.094
100.898 275.426
92.6563 271.855
87.0117 278.688
93.7422 284.207
102.938 283.918
106.348 292.133
108.73 299.664
114.785 305.977
121.781 312.223
129.82 317.465
121.57 321.59
113.09 315.598
105.254 309.262
98.2383 302.41
98.1914 292.668
90.2383 295.648
77.6953 279.84
72.1445 271.16
81.4883 270.609
86.4063 263.332
76.957 260.965
67.1758 262.551
70.4102 253.277
62.1133 253.648
61.9492 245.301
56.8125 238.438
56.1992 229.605
53.3516 220.824
63.6563 221.629
60.8398 213.34
51.2813 211.004
58.207 204.34
50.0 200.266
57.7266 194.813
50.0391 189.723
58.2383 185.219
50.9844 179.387
60.1563 176.059
52.5508 169.438
54.9648 159.93
62.6016 167.637
67.9336 161.816
63.3945 155.012
56.8242 149.617
60.4688 140.43
68.4922 146.938
73.3398 154.742
79.6719 148.738
78.6406 139.82
69.9063 138.344
64.2578 130.852
74.1367 129.523
68.9922 121.699
73.9609 113.102
80.2344 120.773
82.8945 130.137
91.043 125.039
90.1406 117.039
83.6094 111.262
79.1406 104.27
86.2852 99.941
89.668 92.07
97.0039 87.117
103.195 80.262
110.664 73.566
119.32 67.078
119.887 76.219
113.414 83.004
107.641 89.582
104.773 97.43
96.3008 98.59
92.6992 108.02
102.246 106.855
100.066 115.887
101.098 124.449
103.605 133.508
95.3203 132.508
88.2422 136.68
88.1016 144.688
97.7188 141.676
107.098 141.996
103.539 149.805
112.078 150.434
117.918 157.645
123.055 164.496
131.137 166.926
137.398 173.41
142.055 181.176
144.938 189.652
136.746 190.137
132.57 181.688
126.941 174.535
117.93 173.742
108.387 173.609
112.988 165.992
108.234 158.414
102.613 164.938
94.5156 166.879
98.8438 174.754
92.0625 181.117
88.3398 173.086
83.3984 180.844
81.0586 189.438
81.1328 198.234
83.7031 206.855
88.4453 214.633
94.625 219.91
102.012 223.633
110.391 225.813
109.23 217.445
109.738 209.082
118.418 207.52
121.105 198.426
116.473 191.453
110.934 199.742
107.082 191.004
99.0586 195.699
102.184 203.633
100.645 213.219
93.5 207.164
90.25 199.129
89.8594 190.293
98.3672 186.773
104.699 181.676
113.176 182.73
121.852 182.16
126.184 188.918
130.063 195.949
137.066 200.465
144.703 198.066
144.18 207.148
135.09 209.238
127.461 204.559
126.586 213.379
118.172 216.719
118.43 225.383
126.43 222.824
133.973 218.641
141.711 216.02
149.516 214.5
153.863 207.469
157.93 214.594
166.469 215.273
174.801 216.953
182.023 220.383
189.359 224.379
193.309 232.523
198.691 225.531
195.527 217.605
187.664 214.102
180.836 209.75
187.75 203.523
184.156 196.277
192.906 195.488
194.906 188.453
189.852 181.27
185.363 187.992
176.523 185.137
176.164 193.211
177.055 201.777
171.777 208.492
163.027 207.316
168.113 199.824
167.902 191.465
167.262 183.5
164.551 175.449
160.871 167.707
165.012 160.633
156.746 160.371
151.527 154.383
145.387 148.992
137.992 144.555
131.777 138.898
139.152 134.352
146.258 139.953
154.34 136.316
154.09 145.242
160.445 152.07
168.566 147.992
162.676 142.586
163.078 134.25
167.238 127.375
170.922 120.254
166.09 113.02
162.766 105.16
155.191 102.219
147.883 96.609
140.418 101.367
135.09 108.191
133.422 117.422
142.496 113.957
147.793 107.277
155.883 111.883
150.238 119.586
160.184 120.242
156.465 127.746
147.242 129.949
141.547 123.227
134.055 126.965
127.391 132.156
125.094 123.805
124.602 115.543
126.098 107.555
130.461 99.563
136.641 93.031
144.215 88.559
152.832 86.285
162.02 86.703
156.934 93.93
165.836 96.609
170.484 88.941
176.223 94.977
184.68 96.59
180.492 104.484
171.59 104.316
176.25 112.637
180.074 120.844
176.695 129.297
171.457 137.129
175.977 143.996
181.871 137.25
186.266 129.332
188.766 120.676
186.824 112.465
190.191 104.574
193.512 95.926
189.789 88.207
198.32 87.398
193.914 79.098
203.93 80.121
210.523 73.418
217.426 68.25
226.336 65.621
235.762 63.094
230.52 56.352
220.566 57.941
211.457 60.23
204.984 65.016
200.656 72.453
193.5 68.406
186.5 72.285
178.77 67.008
185.984 61.66
182.887 53.359
174.746 56.422
170.402 64.531
161.582 63.395
153.875 61.676
145.363 63.773
136.461 66.703
127.902 71.039
128.457 61.84
137.898 57.492
147.281 53.871
156.734 51.219
165.211 56.059
166.586 47.672
186.559 44.723
196.855 44.246
192.641 52.605
196.496 60.512
203.266 53.52
206.789 44.246
213.199 51.691
217.016 44.32
224.34 48.352
232.855 47.328
240.809 51.219
249.832 53.148
243.988 61.66
252.586 63.355
259.375 56.258
261.676 65.582
269.324 60.523
270.18 69.934
278.43 65.813
278.215 75.176
286.91 71.809
285.211 81.426
294.746 78.141
301.762 84.992
291.266 87.746
293.652 95.273
301.809 94.738
309.762 91.754
315.902 99.488
306.254 103.191
297.063 103.484
299.102 111.973
307.344 115.543
312.988 108.715
322.305 107.566
318.512 116.789
327.855 116.246
332.82 124.852
323.043 126.441
313.594 124.066
313.938 133.668
321.32 136.883
329.59 134.121
337.887 133.75
338.051 142.098
343.184 148.961
343.801 157.797
346.648 166.582
348.719 176.398
350.0 187.137
341.793 183.063
339.164 174.063
336.344 165.773
330.984 159.359
334.207 151.465
327.855 143.633
324.082 152.465
317.363 146.063
309.43 142.672
300.324 140.32
305.344 133.637
305.254 125.43
298.391 121.309
296.199 131.133
291.23 139.098
286.258 132.105
281.43 139.184
272.277 140.645
263.766 141.656
257.621 147.457
248.875 149.629
239.816 149.785
231.043 148.039
234.715 140.703
244.117 141.316
253.133 140.012
258.32 132.602
263.195 124.414
267.512 132.203
276.449 131.883
273.605 123.746
275.973 115.754
267.0 115.566
264.863 106.523
273.684 107.316
269.438 99.148
263.156 92.816
255.508 88.492
246.75 86.406
237.656 86.625
229.988 89.332
223.074 93.879
216.996 100.039
224.82 103.215
231.801 107.836
228.824 116.137
235.344 123.012
243.719 122.488
239.305 113.551
248.789 114.582
248.746 105.277
240.301 104.023
232.77 97.902
241.594 94.738
250.18 95.934
258.027 100.012
256.816 109.152
258.059 117.191
252.918 123.996
249.066 131.801
241.047 132.164
233.02 132.004
225.602 135.816
223.867 143.633
216.273 138.625
219.012 129.715
226.867 125.457
219.672 120.281
220.977 111.32
213.344 107.223
211.563 115.426
211.414 124.055
209.813 132.074
207.238 139.578
211.137 146.855
202.949 146.816
198.086 153.871
192.469 160.254
185.887 164.793
178.75 169.145
169.715 168.504
173.082 176.66
181.531 177.883
188.508 172.816
195.68 169.082
197.625 178.176
205.684 178.684
202.0 186.664
207.098 191.918
215.844 191.121
212.25 183.879
219.164 177.652
212.336 173.305
204.473 169.797
201.309 161.879
206.691 154.883
210.641 163.023
217.977 167.02
225.199 170.449
233.531 172.133
242.07 172.805
246.137 179.934
250.484 172.898
258.285 171.383
266.027 168.762
273.57 164.578
281.57 162.02
281.828 170.68
273.414 174.027
272.539 182.852
264.914 178.164
255.82 180.254
255.297 189.336
262.934 186.938
269.938 191.453
273.816 198.488
278.145 205.242
286.824 204.676
295.301 205.73
301.633 200.633
310.141 197.109
309.75 188.281
306.5 180.238
299.355 174.184
297.816 183.773
300.938 191.703
292.918 196.398
289.066 187.66
283.527 195.949
278.895 188.977
281.582 179.883
290.262 178.316
290.77 169.957
289.609 161.59
297.988 163.773
305.375 167.496
311.555 172.77
316.293 180.547
318.867 189.164
318.941 197.965
316.602 206.555
311.66 214.313
307.934 206.285
301.156 212.656
305.484 220.523
297.387 222.469
291.766 228.992
287.008 221.418
291.613 213.789
282.07 213.66
273.059 212.867
267.43 205.715
263.254 197.266
255.063 197.754
257.949 206.227
262.602 213.992
268.863 220.477
276.945 222.91
282.082 229.758
287.922 236.969
296.461 237.594
292.902 245.41
302.281 245.73
296.395 253.898
298.902 262.953
299.934 271.516
297.754 280.543
295.227 289.977
303.695 288.813
307.301 279.387
309.859 270.367
308.957 262.363
304.68 254.895
311.758 250.719
311.898 242.719
320.324 238.664
321.359 247.578
330.094 249.063
331.508 240.465
326.656 232.664
332.066 225.586
337.398 219.766
339.844 211.352
341.762 202.18
342.273 192.594
349.965 197.684
349.016 208.02
347.449 217.965
345.031 227.473
336.602 232.395
343.176 237.785
339.531 246.977
335.742 256.551
331.008 265.703
325.863 257.883
317.102 257.262
319.766 266.629
326.039 274.301
316.391 276.137
